e28896e2
96e28896
8896e288
e28896e2
96e28896
8896e288
e28896e2
96e28896
8896e288
e28896e2
96e28896
8896e288
e28896e2
96e28896
8896e288
e28896e2
96e28896
8896e288
e28896e2
96e28896
8896e288
e28896e2
96e28896
8896e288
e28896e2
96e28896
8896e288
e28896e2
96e28896
8896e288
e28896e2
96e28896
8896e288
e28896e2
96e28896
8896e288
e28896e2
96e28896
8896e288
e28896e2
96e28896
8896e288
e28896e2
96e28896
8896e288
e28896e2
20208896
20202020
20202020
20202020
e28896e2
20208896
20202020
20202020
20202020
e28896e2
96e28896
8896e288
96e22020
8896e288
e28896e2
20208896
20202020
e28896e2
20208896
e28896e2
96e28896
8896e288
96e22020
8896e288
e28896e2
20208896
20202020
20202020
20202020
e28896e2
20208896
20202020
20202020
20202020
20202020
20202020
20202020
20202020
20202020
20202020
20202020
20202020
20202020
20202020
20202020
20202020
20202020
20202020
20202020
20202020
20202020
20202020
20202020
20202020
e28896e2
20208896
e28896e2
96e28896
8896e288
e28896e2
96e28896
8896e288
e28896e2
20208896
e28896e2
96e28896
8896e288
e28896e2
20208896
20202020
e28896e2
20208896
20202020
96e22020
8896e288
20202020
e28896e2
20208896
e28896e2
96e28896
8896e288
e28896e2
96e28896
8896e288
e28896e2
20208896
e28896e2
20208896
20202020
20202020
20202020
20202020
20202020
20202020
20202020
20202020
20202020
20202020
20202020
20202020
20202020
20202020
20202020
20202020
e28896e2
20208896
e28896e2
20208896
20202020
e28896e2
20208896
e28896e2
20208896
20202020
e28896e2
20208896
20202020
e28896e2
96e28896
8896e288
e28896e2
20208896
20202020
e28896e2
20208896
e28896e2
20208896
20202020
e28896e2
20208896
e28896e2
20208896
20202020
20202020
20202020
20202020
20202020
20202020
20202020
20202020
20202020
20202020
20202020
20202020
20202020
20202020
